D 6 135 20 151 0
e 21 135 30 147 0
a 33 135 44 147 0
l 46 135 50 151 0
e 52 135 62 147 0
r 64 135 72 147 0
: 74 135 78 147 0
D 6 109 20 125 0
e 21 109 30 121 0
a 33 109 44 121 0
l 46 109 50 125 0
e 52 109 62 121 0
r 64 109 72 121 0
: 74 109 78 121 0
D 6 83 20 99 0
e 21 83 30 95 0
a 33 83 44 95 0
l 46 83 50 99 0
e 52 83 62 95 0
r 64 83 72 95 0
: 74 83 78 95 0
D 6 57 20 73 0
e 21 57 30 69 0
a 33 57 44 69 0
l 46 57 50 73 0
e 52 57 62 69 0
r 64 57 72 69 0
: 74 57 78 69 0
D 6 31 20 47 0
e 21 31 30 43 0
a 33 31 44 43 0
l 46 31 50 47 0
e 52 31 62 43 0
r 64 31 72 43 0
: 74 31 78 43 0
D 6 5 20 21 0
e 21 5 30 17 0
a 33 5 44 17 0
l 46 5 50 21 0
e 52 5 62 17 0
r 64 5 72 17 0
: 74 5 78 17 0
m 88 135 105 147 0
a 105 135 118 147 0
i 120 135 124 151 0
u 126 135 138 147 0
1 142 135 152 151 0
0 154 135 166 151 0
0 168 135 180 151 0
9 182 135 194 151 0
f 202 135 210 153 0
o 210 135 222 147 0
l 224 135 228 151 0
d 230 135 242 151 0
s 244 135 254 147 0
U 88 109 100 125 0
n 102 109 114 121 0
c 116 109 126 121 0
a 126 109 138 121 0
l 140 109 144 125 0
l 146 109 150 125 0
e 152 109 162 121 0
d 164 109 176 125 0
b 186 109 197 125 0
e 197 109 210 121 0
t 210 109 218 123 0
( 226 107 232 125 0
9 234 109 246 125 0
7 248 109 260 125 0
6 262 109 274 125 0
) 274 107 282 125 0
r 290 109 297 121 0
e 297 109 308 121 0
t 310 109 318 123 0
u 320 109 330 121 0
r 332 109 340 121 0
n 342 109 352 121 0
e 356 109 366 121 0
d 368 109 378 125 0
t 388 109 396 123 0
o 396 109 408 123 0
B 418 109 428 125 0
o 430 109 442 121 0
l 444 109 448 125 0
h 450 109 460 125 0
o 464 109 476 121 0
i 478 109 480 125 0
I 490 109 494 125 0
v 496 109 507 121 0
a 507 109 519 121 0
n 519 109 532 121 0
H 88 83 100 99 0
a 102 83 114 95 0
n 116 83 126 95 0
d 128 83 140 99 0
# 150 83 162 99 0
9 164 83 176 99 0
5 178 83 190 99 0
6 192 83 204 99 0
9 206 83 218 99 0
3 220 83 230 99 0
7 234 83 246 99 0
8 248 83 260 99 0
6 262 83 274 99 0
1 278 83 286 99 0
0 288 83 302 99 0
3 304 83 314 99 0
: 318 83 322 95 0
B 332 83 342 99 0
o 344 83 356 95 0
l 358 83 360 99 0
h 364 83 374 99 0
o 376 83 389 95 0
i 389 83 394 99 0
I 404 83 409 99 0
v 409 83 420 95 0
a 420 83 432 95 0
n 434 83 444 95 0
w 454 83 470 95 0
i 472 83 476 99 0
n 478 83 488 95 0
s 492 83 500 95 0
p 510 79 522 95 0
o 524 83 536 95 0
t 536 83 544 97 0
( 552 81 558 99 0
3 560 83 570 99 0
8 574 83 586 99 0
8 588 83 600 99 0
) 600 81 606 99 0
S 86 57 98 73 0
t 98 57 106 71 0
a 106 57 118 69 0
r 120 57 128 69 0
t 128 57 135 73 0
i 135 57 140 73 0
n 144 57 154 69 0
g 156 53 168 69 0
n 178 57 188 69 0
e 190 57 201 69 0
w 201 57 220 69 0
h 228 57 238 73 0
a 240 57 252 69 0
n 254 57 264 69 0
d 266 57 278 73 0
: 282 57 284 69 0
# 294 57 306 73 0
9 308 57 320 73 0
5 322 57 334 73 0
6 336 57 348 73 0
9 350 57 362 73 0
3 364 57 376 73 0
8 378 57 390 73 0
8 392 57 404 73 0
4 406 57 418 73 0
1 422 57 432 73 0
3 434 57 444 73 0
6 448 57 460 73 0
m 88 31 106 43 0
l 110 31 120 47 0
l 122 31 126 47 0
o 128 31 140 43 0
0 142 31 154 47 0
u 156 31 166 43 0
w 174 31 192 43 0
i 194 31 196 47 0
l 200 31 204 47 0
l 206 31 210 47 0
b 220 31 231 47 0
e 231 31 244 43 0
a 252 31 262 43 0
l 262 31 268 47 0
l 270 31 274 47 0
o 276 31 288 43 0
w 288 31 306 43 0
e 308 31 318 43 0
d 320 31 330 47 0
t 340 31 348 45 0
o 348 31 360 45 0
p 370 27 382 43 0
l 384 31 386 47 0
a 388 31 400 43 0
y 400 27 412 43 0
a 420 31 430 43 0
f 431 31 439 49 0
t 439 31 448 47 0
e 448 31 458 43 0
r 460 31 468 43 0
t 476 31 484 45 0
h 486 31 496 47 0
e 498 31 508 43 0
b 518 31 530 47 0
u 532 31 542 43 0
t 544 31 552 45 0
t 552 31 560 45 0
o 562 31 574 43 0
n 576 31 586 43 0
B 88 5 98 21 0
R 100 5 112 21 0
Y 112 5 126 21 0
A 126 5 142 21 0
N 142 5 156 21 0
2 160 5 170 21 0
3 174 5 184 21 0
1 188 5 198 21 0
8 200 5 212 21 0
p 222 1 234 17 0
o 236 5 248 17 0
s 250 5 258 17 0
t 260 5 267 19 0
s 267 5 278 17 0
s 286 5 296 17 0
m 298 5 316 17 0
a 318 5 329 17 0
l 329 5 334 21 0
l 336 5 340 21 0
b 350 5 362 21 0
l 364 5 368 21 0
i 370 5 374 21 0
n 376 5 388 17 0
d 390 5 402 21 0
1 414 5 422 21 0
